98.12
82.03999999999999
44.58
70.8
88.56
88.56
88.56
88.02
77.72
77.36000000000001
66.12
70.8
71.16
71.16
71.16
70.8
70.8
30.040000000000003
88.56
88.56
88.56
99.62
66.48
77.36000000000001
66.12
70.8
70.8
71.16
70.8
70.8
33.339999999999996
66.12
70.8
87.66
99.06
99.06
97.76000000000002
88.56
83.3
96.64000000000001
91.78
91.78
91.42000000000002
71.16
66.12
77.36000000000001
70.8
70.8
71.16
70.8
70.8
70.8
70.8
70.8
98.9
98.9
98.9
66.48
66.48
66.12
44.58
70.8
87.66
93.82000000000001
88.2
93.64
88.02
82.58000000000001
82.58000000000001
82.4
71.16
66.48
66.12
82.03999999999999
49.620000000000005
66.12
66.48
70.8
70.8
70.8
70.8
70.8
70.8
99.44
98.9
99.25999999999999
66.12
70.8
66.12
44.58
70.8
93.28
93.64
93.82000000000001
87.66
88.2
88.2
88.02
88.2
81.60000000000001
79.28
82.03999999999999
82.03999999999999
82.4
82.75999999999999
82.75999999999999
82.58000000000001
88.38
82.03999999999999
82.4
77.72
77.72
77.72
77.72
77.72
66.48
66.48
77.72
77.72
82.4
82.4
82.03999999999999
82.03999999999999
82.03999999999999
70.8
70.8
82.03999999999999
66.12
66.12
66.48
66.12
66.12
70.8
70.8
70.8
66.12
70.8
66.12
70.8
70.8
70.8
71.16
70.8
70.8
70.8
70.8
70.8
70.8
70.8
70.8
70.8
70.8
70.8
70.8
66.12
70.8
71.16
71.16
70.8
70.8
70.8
70.8
70.8
66.12
70.8
54.66
98.9
98.9
98.9
99.25999999999999
70.8
70.8
70.8
66.12
70.8
70.8
65.18
65.18
65.18
65.18
70.8
65.18
99.44
50.199999999999996
70.8
82.03999999999999
82.03999999999999
98.12
82.03999999999999
44.58
70.8
88.56
88.56
88.56
88.02
77.72
77.36000000000001
66.12
70.8
71.16
71.16
71.16
70.8
70.8
30.040000000000003
88.56
88.56
88.56
99.62
66.48
77.36000000000001
66.12
70.8
70.8
71.16
70.8
70.8
33.339999999999996
66.12
70.8
87.66
99.06
99.06
97.76000000000002
88.56
83.3
96.64000000000001
91.78
91.78
91.42000000000002
71.16
66.12
77.36000000000001
70.8
70.8
71.16
70.8
70.8
70.8
70.8
70.8
98.9
98.9
98.9
66.48
66.48
66.12
44.58
70.8
87.66
93.82000000000001
88.2
93.64
88.02
82.58000000000001
82.58000000000001
82.4
71.16
66.48
66.12
82.03999999999999
49.620000000000005
66.12
66.48
70.8
70.8
70.8
70.8
70.8
70.8
99.44
98.9
99.25999999999999
66.12
70.8
66.12
44.58
70.8
93.28
93.64
93.82000000000001
87.66
88.2
88.2
88.02
88.2
81.60000000000001
79.28
82.03999999999999
82.03999999999999
82.4
82.75999999999999
82.75999999999999
82.58000000000001
88.38
82.03999999999999
82.4
77.72
77.72
77.72
77.72
77.72
66.48
66.48
77.72
77.72
82.4
82.4
82.03999999999999
82.03999999999999
82.03999999999999
70.8
70.8
82.03999999999999
66.12
66.12
66.48
66.12
66.12
70.8
70.8
70.8
66.12
70.8
66.12
70.8
70.8
70.8
71.16
70.8
70.8
70.8
70.8
70.8
70.8
70.8
70.8
70.8
70.8
70.8
70.8
66.12
70.8
71.16
71.16
70.8
70.8
70.8
70.8
70.8
66.12
70.8
54.66
98.9
98.9
98.9
99.25999999999999
70.8
70.8
70.8
66.12
70.8
70.8
65.18
65.18
65.18
65.18
70.8
65.18
99.44
50.199999999999996
70.8
82.03999999999999
82.03999999999999
